PRV 0	PRV 1	PRV 2	PRV 3	PRV 4	PRV 5	PRV 6	PRV 7	X [ym]	Y [ym]	Theta [yrad]
13	5	0	2101	2026	0	12	16	809728	-14592	5717504
13	5	0	2101	2026	0	12	16	809728	-14592	5717504
6	1	0	2093	2029	0	19	7	809728	-14592	5717504
10	0	0	2100	2031	5	16	24	809728	-14592	5717504
10	0	0	2100	2031	5	16	8	809728	-14592	5717504
12	4	1	2101	2041	2	13	16	809728	-14592	5717504
12	4	1	2101	2041	2	13	16	809728	-14592	5717504
7	0	0	2101	2052	5	19	13	809728	-14592	5717504
13	5	0	2004	1956	0	17	13	809728	-14592	5717504
10	0	0	2004	1956	0	17	16	809728	-14592	5717504
12	0	0	1178	1115	4	16	15	809728	-14592	5717504
12	0	0	1178	1115	4	16	15	809728	-14592	5717504
10	1	0	715	620	5	16	12	809728	-14592	5717504
10	6	0	511	435	1	17	23	809728	-14592	5717504
6	0	0	511	435	1	17	17	809728	-14592	5717504
12	0	0	334	281	4	11	19	811008	-15360	5715968
12	0	0	334	281	4	11	19	818176	-19968	5714432
11	0	0	370	324	0	11	14	826112	-24832	5723648
2	0	0	383	322	0	12	13	828416	-26624	5729792
2	0	2	383	322	0	12	14	834560	-30208	5740800
5	0	0	316	294	4	8	6	838400	-32512	5746944
5	0	0	316	294	4	8	6	845568	-36864	5751552
4	0	0	278	287	0	10	6	852736	-40960	5754880
4	0	0	247	278	8	2	4	855552	-42752	5754880
0	0	0	247	278	8	2	5	863488	-47360	5753344
4	0	0	297	320	7	11	1	867072	-49408	5750016
3	0	0	309	317	11	7	1	872960	-52736	5746944
0	0	0	314	314	20	0	1	880384	-57344	5739264
0	0	0	324	315	19	5	3	883456	-59136	5739264
0	0	0	324	315	19	5	0	890624	-63232	5742336
0	0	0	285	294	26	9	0	894464	-65792	5737728
0	0	0	272	286	32	13	0	901632	-70144	5733120
0	0	0	267	285	33	0	4	908544	-74496	5733120
0	0	0	265	285	34	0	2	911616	-76288	5729792
0	0	0	265	285	34	0	2	918784	-80640	5720576
1	0	4	310	309	50	5	0	923136	-83456	5719040
1	0	0	316	322	60	3	0	930048	-87808	5712896
0	0	0	349	323	78	6	0	936960	-92416	5698816
3	0	0	339	315	79	14	1	939776	-94208	5704960
0	0	3	339	315	79	14	1	945664	-98048	5723648
0	0	0	289	321	117	9	0	949504	-100352	5725184
0	1	3	271	313	154	11	0	957440	-105216	5720576
0	0	0	258	312	173	13	0	964352	-109568	5711360
0	0	0	257	289	199	15	1	966400	-111104	5704960
0	0	0	257	289	199	15	0	972032	-114688	5692672
0	0	3	224	253	267	20	0	978944	-119552	5684736
0	0	0	235	250	320	33	0	983040	-122368	5678592
0	0	0	244	249	344	52	0	989184	-126720	5670912
0	0	0	255	256	372	56	0	992000	-128512	5670912
0	0	4	255	256	372	56	0	998656	-133120	5667840
0	0	3	273	250	402	105	0	1005824	-138240	5664768
0	0	5	282	251	424	175	0	1010176	-141312	5667840
0	0	0	274	247	429	208	0	1016064	-145408	5683200
0	0	0	246	241	429	279	0	1018112	-146944	5686528
0	0	0	246	241	429	279	1	1025280	-151552	5692672
0	0	0	237	245	435	373	0	1032448	-156672	5688064
0	0	0	247	245	440	387	3	1036288	-159232	5686528
0	0	0	258	248	440	407	3	1042944	-163584	5684736
0	0	0	248	244	445	431	4	1045504	-165376	5686528
0	0	0	248	244	445	431	22	1052416	-170240	5689600
0	0	0	242	232	456	464	8	1059584	-174848	5688064
0	0	0	241	237	449	472	20	1063680	-177920	5692672
0	0	0	245	237	445	487	18	1070848	-182528	5698816
0	0	0	234	244	446	480	29	1073664	-184320	5703424
0	0	0	234	244	446	480	40	1080320	-188672	5695744
0	0	0	217	232	446	494	38	1086720	-193024	5684736
1	0	0	211	217	452	487	45	1090304	-195584	5691136
0	0	0	172	209	448	499	47	1096704	-199936	5686528
0	0	0	186	212	457	485	37	1099520	-201728	5678592
0	0	0	187	208	466	491	42	1106432	-206592	5673984
0	1	0	184	211	470	492	40	1113344	-211456	5661440
0	0	0	193	212	487	494	49	1116672	-213760	5653760
0	0	1	198	217	495	479	47	1122560	-218112	5646080
0	0	1	210	216	496	478	42	1125376	-220416	5646080
0	0	2	215	214	512	490	44	1132288	-225280	5641472
2	0	0	229	222	515	489	48	1138944	-230400	5641472
0	0	0	228	223	527	512	42	1143040	-233216	5643008
0	0	2	237	229	537	515	47	1149696	-238336	5638144
0	3	0	243	235	556	519	47	1152768	-240640	5636608
0	0	0	280	242	563	531	46	1159680	-245760	5641472
0	0	0	289	252	565	542	55	1164800	-249600	5647616
0	0	0	293	253	574	553	55	1168384	-252160	5655296
0	0	0	267	248	573	560	58	1175552	-257536	5659904
0	0	0	273	260	581	594	50	1178112	-259328	5662976
0	0	0	253	255	583	596	61	1184768	-263936	5672448
0	0	0	267	255	586	613	55	1191424	-268544	5672448
0	0	0	276	258	586	750	58	1195520	-271360	5673984
0	0	0	274	260	587	615	67	1202176	-275968	5681664
0	0	0	285	269	591	637	64	1209344	-281088	5688064
0	0	0	307	279	583	635	64	1212160	-282880	5689600
0	0	1	310	283	574	643	73	1219328	-287744	5698816
0	0	0	312	300	574	665	74	1223424	-290304	5703424
0	0	0	324	305	565	661	74	1229824	-294656	5698816
0	0	0	349	305	564	652	69	1236224	-298752	5715968
0	0	1	342	314	538	675	69	1238272	-300032	5726720
0	0	0	312	335	523	677	79	1244928	-304128	5728256
0	0	2	324	343	516	666	80	1250048	-307200	5729792
0	4	0	349	376	492	661	82	1257472	-312064	5723648
0	0	0	354	365	487	646	73	1263104	-315648	5711360
0	0	3	315	332	474	647	79	1265920	-317440	5711360
0	0	7	314	324	465	634	75	1273344	-322304	5708032
0	0	0	338	331	421	635	78	1277440	-324864	5703424
0	0	0	342	353	401	621	69	1284096	-329216	5697280
0	0	1	400	358	355	619	69	1291008	-333824	5692672
0	0	0	417	405	317	613	69	1293568	-335616	5691136
0	0	0	468	449	279	606	64	1300480	-339968	5695744
0	0	0	478	629	194	601	67	1305088	-343296	5700352
0	0	1	464	791	143	596	72	1309440	-346112	5708032
0	0	6	374	990	98	589	74	1309952	-346368	5695744
0	0	0	202	908	101	589	74	1310720	-346880	5670912
0	5	1	209	786	125	568	65	1314304	-349696	5560576
0	0	0	286	702	161	478	41	1317120	-352512	5459456
0	10	2	431	499	215	409	17	1320192	-356352	5378816
0	0	0	553	457	275	324	12	1324800	-361984	5363200
0	1	0	569	442	257	331	9	1325568	-363264	5363200
0	0	1	474	602	223	348	16	1325568	-363264	5360128
0	0	1	362	537	225	339	10	1325568	-363264	5360128
0	0	2	202	507	221	345	15	1326848	-364800	5347584
0	0	0	180	476	231	345	11	1331968	-372480	5276160
0	4	0	224	491	232	311	10	1334016	-375552	5252864
0	0	0	253	537	222	300	4	1338112	-382976	5192192
5	0	0	293	589	220	279	0	1339904	-386816	5155072
0	2	0	322	582	241	264	1	1342720	-393472	5077248
5	1	0	391	518	255	223	0	1345280	-400128	5043200
5	5	4	392	526	260	218	0	1346048	-402688	5032192
0	0	0	383	535	265	220	0	1348608	-410624	4996608
0	4	1	396	566	261	235	0	1350656	-418560	4968448
0	0	5	389	617	261	242	0	1351936	-422912	4950016
4	0	0	368	630	260	253	0	1353472	-430848	4908032
0	0	0	368	641	257	242	2	1354240	-434176	4890880
0	1	0	360	657	258	241	0	1355520	-442368	4842752
1	0	0	400	649	261	241	0	1356288	-449536	4775936
0	0	3	419	586	280	227	0	1356288	-451584	4755712
0	0	0	338	437	292	205	0	1356288	-451584	4755712
0	0	0	260	377	294	202	0	1356288	-453120	4743168
0	0	6	194	303	295	207	0	1356544	-462080	4707584
0	0	0	216	315	269	231	0	1356288	-470528	4685824
5	0	0	213	321	240	252	0	1356288	-474112	4671744
0	0	0	184	305	201	291	0	1355776	-481536	4637696
0	0	1	210	292	196	301	0	1355520	-485632	4629760
0	0	0	240	319	143	396	0	1354752	-494080	4601856
0	0	0	279	337	117	432	0	1353728	-501248	4570880
0	0	0	291	318	106	436	0	1352960	-506112	4562944
0	0	2	278	305	77	456	0	1351680	-514560	4558336
0	0	2	287	319	49	461	0	1351168	-517888	4556800
0	22	0	268	345	29	444	0	1349888	-526080	4549120
0	11	0	283	365	20	419	0	1348608	-534016	4538112
0	0	0	279	373	15	367	9	1347840	-538624	4520960
0	0	5	287	368	15	329	23	1346048	-546816	4491520
0	0	0	317	356	13	262	21	1345280	-550144	4486912
0	